3,2
3,1
3,3
10,261
10,155
10,305
10,247
10,85
10,147
10,21
10,67
10,2
10,3
11,17
11,13
9,5
8,10
8,5
8,17
8,14
8,11
8,2
8,3
46,4
46,3
46,2
46,1
46,0
45,4
45,3
45,2
45,1
45,0
44,4
44,3
44,2
44,1
44,0
43,4
43,3
43,2
43,1
43,0
42,3
42,2
42,1
42,0
20,3
20,2
20,1
19,3
19,2
19,1
12,3
12,2
18,1
12,1
11,30
11,29
11,28
11,27
11,26
11,25
11,24
18,3
11,23
14,1
11,22
11,21
11,19
11,18
11,16
11,15
11,14
14,3
11,12
11,11
11,10
13,1
11,8
11,7
11,6
11,5
11,4
11,3
13,3
11,2
11,1
10,297
10,294
10,292
10,280
10,269
10,256
10,209
10,203
